10002.740107	19.6021729057
10014.0779386	16.6638334715
10015.5598299	150.941446524
10015.5998909	3.44072240211
10016.6750536	3.92770884536
10016.9552103	19.9300242217
10024.0880093	5.21398027455
10028.1998712	63.1688579359
10040.610094	2.27344672828
10046.2700199	23.7159412809
10061.7744416	5.72686532218
10063.4724564	31.956353586
10069.9899823	7.64004049596
10073.640236	6.26097177535
10073.6744462	3.06091798922
10085.230106	106.732554205
10106.3799653	44.254450265
10126.7799397	111.595732345
10135.371822	2.448227
10151.7899671	7.94596423883
10155.7370838	43.3133521361
10161.2700633	28.8087518756
10167.1599184	15.6885549373
10174.2085726	3.09728877597
10174.5943693	11.3964889314
10174.7092063	107.300773597
10183.8300278	41.0220343085
10192.5001052	167.613670573
10205.8400399	73.9058532827
10211.5799746	26.9858872101
10213.8600452	214.083641241
10228.5892538	29.9207554804
10228.6060538	6.63175755347
10233.46002	79.2207845169
10273.9001111	12.664551139
10287.5891349	62.8358688009
10289.4623108	579.620835751
10295.3499669	18.8972427664
10298.8499833	205.573049525
10308.0800138	7.32560344633
10312.3399853	64.9858230132
10325.610042	2.53896696392
10330.1299164	17.2264401959
10342.8702925	4.25906706067
10350.1299261	120.325957094
10352.3301496	3.61555360089
10356.3477097	5.16728770609
10357.3302787	5.66453200155
10375.7199614	394.726034271
10399.3899811	158.207306051
10421.1324775	10.3973691528
10421.2200128	330.362370567
10453.3599797	120.519970227
10471.5965597	3.10334549421
10471.8299957	171.70696498
10471.8337989	19.5338986955
10512.0107583	56.8821253954
10527.6080583	22.3833849261
10527.6600158	63.070980386
10527.9920829	6.16096217016
10575.3999934	18.1174466865
10588.3106488	2.62873898097
10588.7608584	25.515999
10589.198502	5.45994008816
10643.6799573	4.17963776003
10654.7089704	6.64365876488
10655.7285695	7.19803671567
10686.7104901	3.40206309559
10690.9998548	14.9737008477
10695.0923581	7.98353749864
10700.0501126	50.4009489393
10706.4100104	26.6018258875
10713.6800324	134.313946847
10723.3484998	67.194977799
10731.7201557	266.288671982
10746.1431565	111.838401752
10753.9199952	330.592095202
10775.0693504	108.803740191
10832.2598588	94.4331801194
10834.2888536	863.088413968
10840.7862098	27.5979404518
10844.6899869	317.047279519
10854.7903307	11.2128485232
10859.6178252	102.84464965
10874.1099942	4.06270318789
10879.2900436	28.3898884355
10898.6796766	177.779668865
10903.7716339	4.48256168495
10926.4477424	542.355481764
10951.3504492	235.228564741
10975.0000368	3.55328555691
10975.3247536	483.447900515
10975.5977972	18.6911247415
11009.2852853	185.531113836
11029.7997846	241.443523744
11029.8095957	25.4895425817
11030.2001121	6.91737683176
11072.4690951	89.6613240592
11089.6000531	2.86021996027
11089.9878971	38.8306231725
11090.0189305	97.4410872129
11090.3997967	8.86701970063
11140.9266423	29.7498269853
11155.6002072	4.83320702611
11156.1626901	39.1891107
11156.4939482	2.26878077458
11215.0208503	4.95637513576
11288.1883127	5.15326576694
11291.1771792	16.080428751
11295.5317375	8.61985231442
11299.4582661	52.3155125114
11305.2461416	2.72200654646
11306.3453296	37.5122293931
11312.8488571	181.886174036
11323.3547156	77.4637683777
11331.1947681	282.130281416
11354.3042491	206.100104778
11377.2746125	34.0228561399
11437.5627853	5.22122970669
11439.9399464	891.014401221
11447.2398671	30.7860210473
11451.6072103	329.884060026
11462.7759031	10.0900228655
11468.3444433	93.00529639
11484.3724429	4.89938239131
11490.3331726	31.324931341
11508.298731	6.91611737012
11508.7787951	26.4218745403
11517.7478682	7.93478674092
11538.80927	611.551043963
11565.2002921	2.63581579315
11565.2058161	82.9788422954
11591.3998017	3.25106182656
11591.7002477	14.2096125081
11591.7187284	533.548753745
11627.8476436	227.893935645
11650.4031684	16.0057295896
11650.7916086	255.922061045
11650.8350795	66.1635526369
11696.3502307	123.683777578
11715.8000226	7.32500323665
11716.1374547	57.436966919
11716.1496332	124.256779
11716.6002762	9.32312567678
11770.5991438	2.56570122015
11770.825978	41.7529282391
11787.6036011	10.2850576468
11788.0279451	62.7149038
11851.4161623	2.35316680099
11851.4625686	10.4100105232
11865.9024329	20.1316833771
11867.0909339	18.4293052151
11938.4037834	2.23767768126
11950.9867011	3.56203225528
11952.4094554	4.62451096961
11967.8684794	7.98724509332
11968.8589282	33.1630839831
11970.6621242	4.71652766793
11973.5357602	16.1029169067
11975.7729757	56.6512524068
11976.2026088	3.39198961926
11983.3194085	48.1505144674
11988.6591373	218.531215639
12000.1398294	111.415355017
12007.0795107	414.013403253
12024.2389919	178.328135328
12030.8891937	453.388610067
12055.8803449	174.186285542
12120.3895649	127.868615085
12122.638518	1192.94900852
12131.0650271	39.4368004983
12135.9199435	464.397553551
12148.6763055	15.4992314433
12154.9525325	139.990998091
12173.0399756	6.526016415
12179.9286122	44.7976542224
12196.3894228	239.154491282
12211.0906811	9.92208793341
12229.2999749	782.959040367
12257.7299682	338.650465779
12286.9799191	683.915633349
12287.0027369	3.36144067865
12287.0796196	33.9677995032
12325.9187432	288.851059278
12351.199984	16.2478583904
12351.6019946	357.151520562
12351.6060163	61.9830684751
12351.9998354	14.6625130464
12400.8800306	157.498544314
12422.9998524	3.27856972432
12423.3059766	74.2186192503
12423.3496526	148.850135494
12423.7999036	20.1152788402
12482.7103173	55.0114449411
12482.7425465	3.30377905163
12501.8911811	83.6899515718
12502.9088285	77.0326071027
12510.009966	37.8400983632
12526.0060197	56.2087532114
12542.0012222	65.0164252762
12558.0009452	61.1948122892
12571.5799255	14.9601839629
12571.6041584	3.03764443805
12573.9960415	71.5592109256
12588.3488236	26.6049582983
12589.679708	12.270877754
12589.9588145	87.4249993135
12600.010003	37.8468451955
12604.0095701	56.6760318129
12608.0193781	57.8776856491
12612.0109511	75.4903558473
12616.0099905	75.5919343651
12620.0101196	75.5065132952
12624.0097953	65.9233390645
12628.0086358	93.9655433268
12632.0095806	37.6077863898
12635.9796276	27.7786835172
12640.0045433	37.1927407868
12643.0384894	46.030288311
12647.0100008	37.74077117
12657.0369825	25.185863886
12667.6867707	3.18336567127
12673.9978538	180.682587998
12682.4508226	7.18276268069
12683.9651314	5.56303761094
12685.7831527	645.75307571
12695.44856	570.369060595
12702.0104896	349.33276028
12710.0328633	328.580651718
12726.1100796	188.557309986
12744.9586425	218.228495966
12747.9592174	47.8387378905
12750.130051	14.5217343768
12752.8274138	150.605862192
12753.2954124	2.94124985103
12759.4845977	3.11271355902
12760.9854398	59.3901357042
12764.4324771	259.730501034
12777.0998321	126.836790974
12782.563517	472.876405406
12801.5500043	201.36302767
12806.9795097	515.919063443
12824.8129631	213.811565754
12834.5596669	191.075872459
12845.0085921	329.872274409
12866.009876	2.93247450557
12903.530046	138.970751322
12905.7204799	1307.34173696
12915.800129	42.3299959084
12921.1319872	502.452080518
12936.0600065	18.0254510519
12943.1800509	181.062845606
12964.1372287	7.29069078714
12972.1188417	51.2533223074
12985.6503128	241.18499697
12999.9474843	2.64991356815
13008.2295588	11.8301782625
13021.5337259	3.04367159041
13021.6399375	836.512729109
13052.7398244	350.09795205
13084.9999033	45.1242317565
13085.2675123	718.267564333
13085.5998853	13.416798421
13127.8305723	322.45049211
13156.3130281	59.5412472938
13156.9280426	282.857932633
13157.1040149	77.3840824387
13210.8689953	171.033106666
13236.5093194	162.460433017
13236.9147657	89.6393571171
13301.509456	7.10548008834
13302.0997468	31.5017114916
13324.0451585	41.8050752304
13325.3441071	32.2447906805
13400.9400426	13.2055495135
13420.802984	32.9712922253
13422.1998537	3.07636119473
13422.2297274	33.3236566402
13509.2425538	2.4532326
13526.5253389	2.48396359447
13528.206679	3.25161527016
13664.1879057	5.00625376764
13665.4423088	41.5452725701
13691.9180614	3.15258454028
13747.6786381	6.52017503548
13821.9372405	2.68482832854
13842.1497211	45.5004259973
13868.3451502	67.1307392544
13893.4186881	3.57717558589
13902.7146753	23.7256088224
13911.5347387	39.3977691259
13976.827797	2.73084322
13985.9471806	144.117351981
14022.1687639	17.2142196136
14022.3244554	281.425185361
14058.991174	27.5736470866
14086.6813849	5.92589314031
14086.6873739	30.4561971419
14086.7031733	175.056689552
14102.1373884	15.4439277043
14102.7804772	75.7287396645
14103.0169658	39.3499652358
14107.162801	39.2066577299
14133.9140126	24.2728193477
14133.940433	407.377543857
14162.7965724	3.25334866308
14163.0195711	607.932360804
14163.489642	26.5464729545
14185.9619201	546.058005781
14192.2807672	5.11994205208
14227.1642781	3.39014234786
14227.3080434	23.4481187078
14266.3600882	79.1223731739
14266.6173665	2.92530551226
14292.3105228	99.4898673825
14293.5261538	105.928397409
14342.0693657	100.115517513
14352.0338714	5.82373265282
14356.7371478	1418.84591649
14369.0758454	51.2727194901
14374.3656166	180.276091294
14392.2264341	12.2436768947
14397.6018102	2.2133183689
14397.7767569	47.3402004199
14402.5877684	40.921541157
14404.0585555	9.45271188926
14421.4100596	3.43284363132
14426.9066681	9.41773299664
14469.3616525	64.856753589
14518.9426949	1923.31205829
14519.0290366	8.88049355682
14519.0594845	71.8200867914
14523.6323298	7.17613028795
14525.551571	12.6979567354
14563.9678924	1284.4939211
14604.8969934	213.900391703
14604.9410044	772.862408367
14605.2000938	38.1347089279
14636.527879	1.99348083517
14637.6629518	2.31812166768
14655.7175681	3.46457301622
14658.0989102	3.5694050027
14665.1222379	431.665228449
14697.9752739	354.83479985
14698.8795089	766.308964364
14702.1764161	14.3775226161
14702.2317585	38.0752720226
14702.5998199	4.17103563205
14712.9478631	2.2486819833
14713.5457793	14.8531079361
14740.0892922	139.820273327
14740.0942542	47.358851581
14740.3998074	7.88375259149
14755.5769253	5.19788424836
14755.593792	131.462311997
14772.4163838	236.078117606
14772.4299409	23.1401293277
14772.5998992	2.78726981016
14783.6028814	24.1604562376
14783.6445863	2.77653669764
14783.7366681	109.63835271
14783.7471996	588.146553794
14799.2001219	20.6850687945
14799.2507007	463.096989901
14800.4201358	370.75310175
14805.7799505	303.656239289
14833.06726	3.80670246263
14833.0782069	20.7175012147
14833.0847783	1534.12726357
14833.0853283	108.119374541
14864.3457755	702.554682171
14885.7995521	21.8752696859
14886.170381	91.7607036
14886.6000108	2.20260486997
14887.2911348	15.2752980395
14887.6899211	2601.75956683
14887.6985545	52.1579862546
14908.2686241	181.645705051
14909.772977	157.865586679
14909.7998477	19.0366253449
14931.6000597	3.10426322661
14931.8770979	1037.68498989
15006.2494507	23.1905119872
15007.2261417	18.6458322272
15025.1483619	41.7709611224
15025.2000965	2.22115701599
15026.941253	37.7986197392
15052.8707939	961.085268771
15055.5499136	8954.24874801
15064.0000831	285.799789271
15068.9599431	3069.69511078
15082.2372465	100.377672623
15087.9127711	37.9232277621
15088.3540352	372.89090005
15088.4003535	7.28879898591
15107.3901279	35.885398879
15113.7198118	218.704810696
15133.8095527	4.63127340449
15135.0534832	4.14884717021
15139.2079631	8.65682978184
15145.5000155	39.9152746586
15149.9103443	8.6476148265
15152.0707814	8.25643229045
15183.7367624	4.84089694617
15187.1391008	1500.33404192
15187.4209963	29.392742765
15240.959935	4577.67076432
15241.1998479	7.44791119331
15241.2010836	234.162076885
15287.7995061	2241.82059903
15287.8	3.4915093531
15331.9998397	75.0803992639
15332.3890906	911.913287372
15332.4112206	3130.88310914
15332.801713	222.357350965
15395.3298758	1671.01779519
15405.1514731	2.15718504903
15429.7180017	8.781510397
15431.5948808	238.809850841
15432.1604794	2208.126476
15432.5989106	396.675366978
15438.7801513	8.77483518667
15461.7997222	4.96032721228
15462.1322523	62.3692833655
15462.1639006	23.0216577749
15474.2100677	45.9289324222
15474.2102078	4.29871083535
15500.8304407	74.7832362982
15500.8600026	248.334757062
15501.2	18.5837338318
15509.7598685	573.248027991
15509.7859954	61.3712388153
15509.9999749	8.53645731656
15517.5999961	7.38585490438
15517.8702958	191.871571229
15539.7037211	1024.25644954
15540.9473852	917.028677434
15541.0	69.7972210735
15545.9698997	32.7722373875
15546.1238364	143.626925549
15546.1394401	769.468434697
15546.1754137	3.86122302107
15570.1599228	602.893928823
15597.4	22.4904662181
15597.5936252	160.375000704
15597.6296343	1813.94754736
15631.5772139	1333.55918634
15631.6	30.343047112
15654.8963008	86.7715333515
15654.9499109	2938.08824749
15655.1863125	31.8434894439
15656.1672062	301.814424033
15656.2000558	46.0971232125
15657.7505426	352.148122026
15702.5278293	1038.26046318
15702.5386361	15.5086640258
15759.8	3.28548831595
15759.8317352	45.9992054184
15760.8425013	47.9976184396
15781.1680563	83.517748099
15781.1998614	7.99832893973
15783.0906635	91.8849386805
15830.3336316	1031.03385394
15833.280269	9654.09560312
15842.4999887	311.049461651
15848.0600177	3405.13665666
15862.4890848	119.219434092
15869.3003098	1042.55278042
15890.0299795	41.5844498949
15896.4472798	10.0413499381
15897.2947054	252.21375844
15897.888298	4.85269294503
15914.7698181	18.6195809363
15917.0716237	18.6303141194
15924.9812758	11.5743719192
15932.1638357	2.72742441266
15932.2100176	48.7076166534
15967.2303387	2.4726276591
15972.4000861	2.72786296481
15972.5925114	1607.17667724
15972.6654966	41.5974729853
15972.7999411	7.28456990887
15974.2469076	6.95825897705
16030.6004003	7.71046009079
16030.6014618	252.187130763
16030.8396935	4920.42191457
16057.1499563	2.98184744661
16059.8493251	2.97206700138
16079.7598467	2592.68497619
16128.1996551	122.395317177
16128.5846493	1181.21972528
16128.6090399	3285.15929588
16129.0006406	266.882914258
16194.6200294	1933.82885562
16234.8697494	2487.75918799
16235.8	22.2295474562
16235.8523792	2258.94666967
16246.0687305	2.92369934419
16270.3198307	16.0992845009
16270.3456771	5.55615007072
16279.7297535	10.0667611251
16279.7450387	2.77376750254
16302.2541505	24.6527111381
16302.2799484	71.3973475736
16302.6	5.1535200359
16315.438869	2.64924653703
16315.5056378	45.1409815718
16315.5356785	11.7833013278
16317.1114793	3.14254976166
16317.1551639	18.0133043862
16317.1599609	664.263689092
16317.1725547	89.0249998739
16341.4	19.4412326266
16341.7598289	259.730666891
16341.7924481	75.4434408564
16350.5912242	91.0265160583
16350.6527029	1092.84799918
16351.9544835	1219.2417601
16360.3900919	185.300741299
16360.436201	10.4612603658
16388.4997427	768.393944566
16388.5002048	155.148838764
16388.5002812	32.3820170087
16388.5003911	6.75509306141
16414.7397443	594.75638103
16442.1599225	1798.99354703
16442.2497244	141.004955613
16442.3997446	13.4977657456
16447.2001442	20.7641821398
16447.6167975	171.999692131
16447.6616702	87.5973892572
16447.999979	8.75358469442
16475.6	30.360803964
16475.654893	392.029468798
16477.3098808	444.289091203
16479.0599655	1101.13087267
16502.3728663	2731.8177794
16502.5998596	32.734193869
16553.803654	4.00399910736
16553.8206218	1076.06458294
16585.7892523	60.4094247397
16585.7924094	6.10874637319
16586.864412	67.0889005716
16609.9896995	116.771778126
16609.999672	8.42101034412
16612.0500316	124.716561574
16689.2000135	944.072779236
16692.3802189	8848.33335696
16702.6400861	284.840334985
16708.850002	3147.75640696
16724.7401449	112.056072807
16732.2867052	2.59146055933
16732.4816899	961.642654652
16733.0421558	8.98651406701
16734.3490574	14.8006446411
16753.8268333	27.0647141009
16755.2	4.35058137138
16755.2472049	34.0638508355
16756.3094641	27.1505844434
16763.5699536	242.118438456
16763.7033894	5.8895473206
16793.9800585	11.9814981874
16802.3662991	5.14447711235
16802.3700362	45.2435271703
16840.1998453	7.23704794358
16840.4647507	33.698746474
16840.5072886	1166.78788129
16849.0113983	2.37457412816
16849.0498459	7.26147976079
16889.1474777	2.54294425813
16890.8901538	2.84280971499
16903.5894972	222.386362124
16903.6731127	4.36544688269
16903.6799276	4519.59104886
16903.6820289	23.2412069731
16907.3522046	4.63550208408
16910.2536135	4.6374598568
16955.0800841	2329.38256239
17008.4139959	280.294615168
17008.7179224	2843.16761197
17008.7503168	1201.39697092
17078.3702482	1865.20831562
17123.1321883	2406.98074948
17124.1680141	2173.16144303
17124.2	178.275762832
17188.9621841	3.59052997349
17209.9998823	13.2980937674
17210.3194602	663.00026242
17210.3479055	81.5334581679
17210.6009252	8.92634689256
17211.6431981	5.06784150431
17211.7515116	11.3952000009
17221.9917418	2.4601104392
17221.9966992	10.1132384157
17242.9077707	17.8309299324
17242.9907908	57.8517789309
17243.4	7.68197648662
17247.9264627	1094.2298962
17248.0	28.8407910583
17249.3378242	1180.4565611
17257.6007706	44.7210901367
17257.6024511	5.05402986854
17282.8540562	67.8033755192
17282.8680691	246.782379406
17283.1999043	16.0459170758
17303.3701681	170.846389492
17303.4774534	10.7756895942
17330.8703633	696.334566859
17330.8770272	4.50175428936
17330.8846062	23.5991360959
17330.8895755	120.125459815
17350.7997658	3.94377706234
17351.1063159	89.1519584124
17351.1507273	177.817559503
17351.59986	24.1271008667
17359.6889786	498.086045437
17382.9084627	431.250513205
17384.708951	459.512350283
17386.6988771	8.3401655361
17386.6992125	40.0993769878
17386.6994452	192.598333015
17386.6998748	1470.25229128
17427.0498499	967.722144379
17449.9701662	2268.65369981
17449.9847299	3.24177243812
17450.0757418	28.775521801
17500.6767888	76.1158954052
17501.7681154	67.8884609778
17501.8	6.20619406538
17505.8999201	886.619391844
17528.2543475	135.061018684
17530.4698394	139.538063401
17649.850393	743.824744471
17653.2191817	6949.98455308
17660.3237427	4.30645955508
17661.6957904	15.590693646
17664.8914889	222.557086592
17671.8083073	2275.87984227
17684.1682508	32.601137337
17686.8294517	32.8277938703
17689.629844	91.8185515401
17698.4462883	725.975203398
17723.8599277	34.8311574399
17733.1942958	8.41854254449
17733.4499488	201.432582751
17767.3801266	10.608984419
17777.1115063	6.83390578612
17777.1295593	39.5757940355
17811.2004869	7.08664186503
17811.3370864	356.039311214
17811.5697836	27.5291525126
17820.1402446	2.60640358018
17829.784972	10.7173616
17831.7261679	3.52333627075
17850.906684	2.50802188674
17854.0102432	5.75920781519
17880.3025886	3302.03397684
17880.3054645	247.453150167
17880.3079297	50.164718469
17880.3114988	10.066256287
17934.4009748	2.89942638149
17934.8261733	20.1765831
17993.5998587	162.157029889
17993.9497044	2134.01330437
17993.9516108	987.351103705
17994.3999693	70.2881634461
18067.9731336	685.248672356
18117.9651742	1158.33020121
18118.0051498	27.7514085638
18118.9999224	683.391283211
18211.1027013	37.4576800366
18211.1041067	2.9744660679
18253.5241639	232.82491949
18254.9126195	117.549042893
18255.0071624	8.65379565934
18433.4964314	27.5245686105
18459.6139605	70.8848809799
18459.6935656	5.15979138529
18525.9924682	19.5966280594
18587.359703	40.7387013638
18744.4947539	13.4248781012
18786.3144455	7.37589167496
18796.4685725	82.2148444513
18825.393615	11.0302959986
18886.5102559	13.4376753187
18886.5302505	4.18962813687
18914.5713836	20.0241743947
19048.4378015	2.81809345367
19193.5377975	33.7840260035
19249.7755434	415.70232791
19250.877804	754.444006906
19350.1215312	371.685912689
19350.1453621	43.0233527371
19350.1663936	6.87422034142
19398.5647729	3.331227127
19400.1772591	12.5351488394
19429.1202192	2.06061912171
19493.7621566	2.50092240132
19499.9659029	2.72625128949
19513.4467978	3.4940701337
19517.9998592	15.1342891094
19518.5588267	156.745478
19518.8000782	13.6651601702
19528.61756	13.7988629682
19541.1278226	2.53856674795
19543.4497754	2.816387
19555.1686625	2.70728210164
19555.4344345	11.0207609625
19560.0006525	4.63079851738
19560.0153678	237.095506269
19562.1307305	135.785249304
19572.0046547	2.30929320483
19573.5380532	8.63011076452
19578.1873712	2.89590244728
19593.3420163	9.36084356328
19593.3824893	55.3023354357
19595.0635232	2.22142167649
19600.3332957	2.61437813435
19609.9957271	2.735587
19615.2088791	2.37249624423
19618.6903342	2.73665701617
19618.700111	12.1020031157
19618.7111327	75.8003715345
19621.0512022	3.04126645587
19627.588789	2.97332
19633.8034764	2.07311062085
19640.1431656	2.28145046435
19642.4284695	48.6962541906
19642.4453092	313.086058283
19642.4631739	7.07218517139
19646.7716163	2.96227553247
19653.3779034	3.66879280964
19660.0076451	2.7790786708
19666.5121249	3.30234298951
19673.30768	3.37909047468
19677.9806529	157.194618156
19678.009631	7.41299251503
19680.122878	3.72286551377
19687.1813244	3.45879035654
19693.9681404	3.41990639014
19698.3478636	60.2556926029
19698.4	3.51363385746
19699.537107	65.3139052509
19702.1650905	577.224190817
19702.2018767	34.9291257743
19702.4012524	3.5929971362
19708.6105321	3.28257192467
19710.9154074	2.71727522955
19715.8436931	3.95954031634
19722.7977568	3.83390255437
19730.7526023	2.92150239775
19734.9493814	79.1032672697
19737.5033444	120.317737491
19742.3775521	2.99120993035
19745.9789853	2.44685333973
19751.52546	478.161789469
19758.9847325	2.89341755658
19761.3532646	2.29317653365
19771.5911177	12.0015323733
19771.8708318	1118.09108605
19798.345032	3.8258493
19804.3979651	2.2285103309
19805.8295936	3.9639358
19830.697322	3.23857116302
19839.7317102	444.797758405
19852.2952067	3.86826819453
19869.542295	3.77652755794
19871.2564288	4.2407012
19891.349173	19.9622175065
19892.9681486	17.8836491328
19898.1891781	2.53204373418
19901.8026657	3.95904786296
19907.3360706	4.16095158888
19923.5097324	35.2960133214
19926.6493651	35.6471042599
19941.8321452	4.49741740986
19956.668455	4.0750458852
19967.6551051	3.02134588426
19972.1228671	2.56800547773
19975.4828293	3.46338524283
19978.9321605	3.56115191228
19982.07804	4.77300079368
19986.1995869	4.2040667897
19990.0566161	4.05377999366
19993.9907417	4.09673976058
19998.0674645	4.00062184841
20002.2625304	4.15002900277
20005.0025738	281.275074649
20008.1741926	2533.37466976
20011.2997732	3.23239618204
20015.5642604	3.83796523887
20020.2406541	3.85474925692
20024.8490414	4.642089
20029.2763613	2.36717599999
20033.1958864	779.552993886
20035.3243827	3.80852866324
20040.2169317	3.755143
20045.4604492	3.64858394241
20050.9185652	4.25051016125
20056.0765731	3.46206945109
20057.6095628	13.4377202222
20061.2075299	2.29007149664
20062.1875649	4.20071421835
20063.2131055	2.49605317366
20067.8639239	5.5538721752
20069.0639975	170.529210431
20073.7185531	5.45480825221
20079.7433689	5.10406660653
20085.9767924	3.82513639228
20087.5588884	2.77260537792
20092.8584514	2.20766972163
20095.2995367	5.83898001068
20097.732933	2.61541198769
20099.8084273	1.94732553187
20101.5139674	4.55706215791
20103.0363283	8.6659244204
20108.450526	5.17629368114
20115.1304744	5.33882213644
20116.1508286	33.9179666497
20121.9470712	5.85858225951
20126.217006	4.34986406198
20128.9852781	6.70063460808
20135.6466844	5.39136999471
20143.1216678	6.00294826709
20150.452919	5.36100648882
20157.911111	6.44622962911
20161.0486949	4.27341323604
20165.5727685	5.1138105875
20172.9023031	5.44167471033
20174.5653414	16.620323
20174.9148998	4.62288880051
20179.4894781	3.08603316078
20180.9893066	6.783386
20182.4625262	2.43418948331
20186.2973754	2.68711561634
20188.9943559	5.67524063153
20193.1552393	52.4508996842
20193.1748921	315.617881113
20193.5995384	7.34702952568
20197.0973142	6.02588110278
20200.2665187	2.15165365853
20205.1850817	5.97492642592
20209.558475	2.43583714852
20212.4211204	1.87704806124
20213.5042093	5.14635555725
20215.3591438	2.03237274925
20220.0706563	1.97924629349
20222.0397049	5.6653412136
20230.5360843	5.80680987369
20232.8318879	2.91539267226
20239.1572831	5.79578117471
20244.6806821	5.46416757081
20245.6231587	4.6402854868
20248.0570163	5.40744594376
20257.0065693	5.42635308716
20266.0809269	4.80075366847
20275.7443184	101.539997966
20275.8815345	1527.32040983
20275.8920255	9.22191004403
20281.7047561	4.60338007217
20284.6134744	2.81311011137
20287.44909	3.0446929951
20294.1182827	2.13956589922
20331.9727851	2.88058517925
20339.4845031	8.78107037592
20339.4977474	837.798852176
20383.7617261	2.93046358359
20400.6215578	2.50763867476
20409.7925104	2.59582353042
20412.2944081	471.16338253
20412.6627362	1166.37894342
20413.0008121	10.0052298065
20413.0962055	352.14894018
20415.3547846	2.40086853938
20421.0261021	2.27048798456
20426.7850949	2.56880334287
20468.9791536	2.73500369482
20473.7729388	3.87810716458
20478.5998973	4.50636387491
20483.5648109	5.44287124242
20488.544046	5.8231612429
20493.7618577	6.58201047704
20494.8035292	2.14472624119
20499.4195912	577.62332628
20502.0301696	1.96059571862
20504.2956446	7.24641254067
20509.6211785	8.54510806933
20515.1628114	7.87154155939
20516.5382495	2.16889972267
20520.6940355	8.72820584627
20526.3249806	8.65133996249
20532.0395599	8.89373805006
20537.8332518	8.55581109489
20543.6777218	8.80457023261
20549.640249	9.07831376895
20555.6528913	9.3742145201
20561.3279164	7.41065404694
20562.9505513	902.369024758
20564.150896	975.553344542
20564.2009101	56.2244970515
20566.5003663	3.32724594896
20567.8727122	8.20500291432
20574.1658202	9.35572975889
20580.458584	9.70919915786
20586.8720415	9.24137762942
20593.3340934	8.84640416911
20599.8644675	5.97131222003
20604.5492454	3.43095646602
20609.8328878	7.24874829699
20610.9714856	2.97004410863
20616.5261124	9.38385307169
20623.3096254	9.80768397249
20630.1523835	9.89630405491
20637.1116624	10.2757566608
20644.1342979	10.3057670279
20651.2171489	10.4373690787
20658.3839618	10.5195156148
20665.6186925	10.6101471108
20672.6975639	65.8116819
20673.2978777	6.76544390034
20680.3273359	10.4864566517
20687.7886931	10.235505095
20695.335319	10.0627159363
20702.9745241	10.2028008412
20710.6452684	9.71287007878
20718.4603525	9.90474079892
20720.7278133	2.29275269897
20726.3133916	10.1601260354
20728.168914	592.074605444
20728.2002486	67.9910360615
20729.8499238	672.096226555
20732.4653277	2.60233614259
20734.2810625	8.04782157567
20742.3356109	7.49020925972
20750.5887906	6.47176060762
20757.5539647	1.94259943468
20758.6663346	5.29771162427
20767.0708558	4.2416298472
20775.3959136	2.83996434474
20777.2969502	5.35272009262
20783.5694099	3.07536997384
20834.6384984	2.23839980018
20848.4195116	5.32255598636
20856.1732487	2.03189203005
20859.8805587	57.2354374391
20860.2352329	110.108995893
20860.688405	41.6353280388
20886.0116383	1.957241195
20900.5021974	2.92226330402
20908.4518915	298.735185166
20910.6895905	310.067317454
20938.886824	5.79804200682
20987.9906687	6.04005808684
21003.8461471	3.09823301342
21005.4686073	4.42014467611
21012.299817	17.8385800983
21016.3832594	2.33914223614
21017.6330218	7.7224271298
21026.224366	6.0281386
21033.0000258	2.61788636756
21033.2600117	51.1895384832
21053.3928903	7.30398884845
21053.4260018	15.5296262253
21061.4911304	54.2627526346
21062.6981913	58.9059013168
21067.9393627	123.237474252
21067.9794851	14.1748542199
21096.1815836	3.43000077837
21096.6027903	45.7360475122
21096.6043159	12.5693743697
21096.9994539	2.28537286437
21098.6804882	2.83357315421
21104.2710559	111.530518928
21107.1101139	111.347574129
21115.8144826	31.8633092548
21115.8482467	4.04227744171
21115.859696	270.480753737
21118.3050472	5.8514345794
21125.4171527	2.16504305906
21156.1202897	129.123831402
21156.1737735	10.0140001178
21176.5599601	519.940346182
21176.7959916	27.0698797043
21185.7483855	9.77970979494
21197.7905603	2.59516103315
21232.420032	284.289456463
21244.4693265	5.79832971334
21247.504117	2.78978024266
21249.6000861	690.365763023
21249.6001789	6.29299441724
21277.3349257	4.92421492324
21278.0403521	19.2297291
21278.2991372	2.31871381546
21279.889155	18.1007525401
21316.1899847	33.3413709506
21319.6499988	33.3424467131
21325.9699312	281.476483498
21358.6858622	3.55528372442
21499.0745812	2.63649474257
21505.0500411	209.825845654
21507.3101287	2079.35692032
21510.8146133	4.59580135729
21513.5300844	8.84002596535
21517.6027974	4.68660215021
21524.4013129	2.59858108495
21528.5653954	2.25880454604
21528.6614922	56.6031934162
21529.6415778	5.70987392767
21535.3283107	3.6941180832
21537.5199962	779.528280608
21542.3104394	3.80593010334
21544.7662585	7.4361708761
21548.9619669	8.03911749527
21567.7802231	23.8812297921
21580.3834654	9.30578699415
21580.6384252	239.40162348
21591.0465611	7.61179061369
21599.8780492	4.09597165812
21622.1793598	10.3449264483
21625.7296193	2.3036494835
21634.4448853	15.5015320931
21634.5154416	4.52612055381
21635.8301849	7.5538535087
21637.1901052	15.5049850296
21637.2229737	52.2397221745
21637.5999772	5.38018371764
21686.8676375	15.5272321173
21691.7593322	4.16934217425
21707.3999185	3.6550985078
21707.8283529	17.0608403
21708.2456976	2.45764671449
21710.7887916	8.75650997963
21711.1696606	255.942787881
21711.1776762	34.8992372517
21726.0015451	3.12996086791
21738.5836739	3.98714605459
21745.2230724	10.9412535053
21761.4963689	2.79800056634
21763.1190438	9.00521497126
21783.9054426	2.83588416951
21785.3668753	3.6585501547
21792.9326476	11.0768192796
21802.309965	997.418902281
21802.3256032	93.809366767
21802.3378656	16.8844228635
21802.3555189	2.83581455939
21827.8321386	3.49495934883
21832.9238388	2.21334392254
21833.7036913	22.7513927248
21834.7368436	2.29917316773
21840.5416096	4.08582227221
21846.8204993	5.97091041142
21848.4746563	2.6232713467
21849.4076315	23.7021047363
21850.080979	2.23609781663
21871.0578546	7.48628900824
21873.4783211	2.52925531386
21873.5199754	452.725404219
21873.61224	22.595201843
21877.3250125	6.73265402203
21882.4058641	9.94379571338
21896.2295668	3.15715842871
21905.2477777	11.7548098143
21946.3998444	12.5415939173
21949.6929654	10.9724506574
21951.1579512	3.41903410533
21955.2004067	203.048161238
21955.6404483	957.4557908
21956.0604679	136.638574418
21966.9002604	4.37958828072
21982.5149361	4.38644873504
21982.7035025	21.9126932795
21983.9384253	7.83716159425
21984.1988721	2.04558128626
21993.1602894	7.50136163968
21995.3886627	3.8415713443
21998.6201513	2.49325314146
21999.7917996	5.76164369992
22001.8202894	6.11357017536
22004.3992585	3.2175705245
22005.5189209	6.9852110895
22005.6032425	1.93923167734
22007.455426	5.20554389164
22011.7611099	2.69333468658
22022.1474512	2.76614682216
22040.3739704	9.69957257318
22048.0755795	2.13798188642
22048.9979596	21.666800934
22049.7743838	2.70340819137
22052.3706092	579.308143219
22067.7039607	9.99655287724
22072.8206763	2.33061384841
22076.0495969	3.91263130348
22103.8663779	4.7539632075
22112.1460305	2.38611517618
22124.8655544	771.452777322
22126.1681282	685.09228716
22126.1998455	74.7106407744
22148.1794702	4.05323890506
22149.3480477	6.65848812246
22159.8303754	18.1349112421
22160.5770464	2.27127099106
22163.4805099	3.68313496612
22165.1332715	3.33083273401
22166.715824	7.09426949482
22197.6796105	2.03143137122
22214.1422738	7.45668114191
22215.9046805	6.84434312271
22219.4830291	5.34751994687
22247.8120864	324.368714283
22247.8483157	4.29324314823
22252.0945705	12.7919342881
22257.8764928	4.70357801151
22266.2532437	8.8376338872
22272.0557374	7.05973042707
22311.7898406	411.540867539
22311.7998321	48.9751540826
22313.6498607	461.287643069
22316.1310958	13.6283051403
22323.825397	10.0509626
22336.6292076	9.46912972317
22346.4519041	2.77376599627
22351.7630425	2.89303557917
22357.8821684	3.26045812641
22359.9180783	2.33706356254
22361.1166897	6.76732354358
22363.650797	2.42333002822
22365.655612	4.21648453786
22374.6996049	4.72537238074
22375.5679479	2.51249184262
22379.1099575	4.40695716245
22380.3604523	2.41627585377
22383.2224745	2.59028330741
22397.35662	4.1099962175
22403.0618414	8.41946477937
22405.5481442	2.54160220912
22415.1358364	6.0855736
22416.8481407	3.06424339542
22424.2404629	3.87134860497
22429.1388444	3.02951137945
22438.0046413	2.78927187458
22440.1854017	8.72492740961
22443.1681601	10.3564108388
22460.2549237	34.5976109408
22460.2735058	85.147943609
22460.5999221	6.0888348541
22462.4116875	2.44834944785
22465.1596502	3.99903225607
22467.2141078	2.48083589566
22468.6542421	3.29308303219
22471.4293639	10.3569390671
22472.6231723	10.1375591386
22472.6968905	3.59731225972
22475.0375781	3.25352440607
22491.6615295	2.82437915517
22497.3242415	4.81555059523
22502.3112833	6.50371336213
22505.6609361	10.1619115456
22509.6220392	2.2800074673
22516.7300196	222.815064258
22519.2100694	221.559321873
22522.1712812	5.98145423749
22524.2842338	6.3783255684
22530.4017115	3.78666232278
22533.3177433	4.13929803379
22536.5592685	8.74571469708
22540.6645045	20.1236548314
22543.8342452	5.75710103905
22546.9814339	3.19785462272
22554.698006	5.53824611696
22555.9454443	3.87801281947
22558.9674673	2.66532511443
22559.8810891	10.6428373432
22566.8903234	16.5267967162
22569.5309688	9.73122926395
22570.1562091	3.54469554281
22571.170138	7.61794567826
22575.9361304	2.42099053408
22579.2744399	5.49118785492
22584.5114176	10.8839927544
22585.3251776	2.72103405269
22588.5979659	2.32369223445
22591.9966679	2.62159553634
22595.3672338	2.7154700997
22599.0829641	2.74359299574
22600.2915471	2.5239851883
22601.5705394	3.95084558904
22602.9356538	4.03073134483
22608.8110297	6.45070908811
22610.1221541	2.9256427633
22610.6565964	22.0366241173
22613.3971233	4.45055362411
22617.2726714	31.1986050488
22620.4324054	8.32066818711
22622.2456274	8.70983378557
22624.3939655	20.8029230152
22635.2595212	14.0164491094
22637.7483888	14.473130465
22639.5104213	2.0349975969
22643.208549	6.5295822511
22647.0636422	2.59794988923
22647.2689495	24.2899731193
22648.6269725	7.9625035009
22649.6421883	6.10852575671
22651.2330319	2.45602894686
22652.4171122	3.07481575068
22674.1566094	6.8607959827
22675.7423066	2.79784952109
22677.6848684	2.35296050904
22679.0206528	2.38736892844
22682.3425112	20.0229710424
22683.1750112	3.27982599115
22685.7571945	8.2375182621
22686.5436776	24.692334758
22686.7045895	3.21806609227
22688.1993132	6.0979355719
22689.8002343	5.49646305893
22689.8236822	43.7998804858
22691.0008641	43.5293819486
22703.2806842	2.26407162739
22703.5181488	16.0378969113
22704.5367562	19.5131384472
22704.6141824	3.96612549657
22709.9285891	2.59721070742
22715.4086736	7.3215312381
22716.5928125	2.54314642857
22720.7955044	3.21042046033
22722.7671163	2.34258284861
22724.302284	4.69204237501
22724.4886995	19.8942245386
22725.2600798	6.83783361061
22726.6756794	5.34494144092
22728.4282438	2.45652898679
22735.8069736	9.5937627837
22737.6221243	1.8907292783
22740.3700117	87.2478146618
22743.5486732	86.9552270108
22747.8682212	14.5862426871
22748.9190569	1.68738115522
22754.2245325	2.45106270811
22754.46209	35.6443113809
22755.406067	3.73304318886
22756.6965451	29.8714940312
22756.7885838	2.20179176119
22758.6759833	3.79719615149
22758.9929963	28.7265754298
22759.828978	5.22054956314
22765.1334514	19.6955556907
22765.4000398	3.00298447178
22767.1431716	2.64173305881
22769.6866146	4.40001744702
22772.2450703	28.548547457
22773.1585055	2.82223797295
22774.4697934	2.00107506599
22780.7493856	2.74050677638
22781.8246427	8.47878186433
22783.2334293	2.46974830452
22788.1981438	5.17592221368
22802.9681069	6.16507052517
22805.9236436	14.7340920469
22808.2842317	3.12322370064
22808.2876524	45.477144511
22815.754762	8.98086048008
22818.168436	2.63142299994
22819.4785174	2.45862359207
22824.7858335	2.54873262024
22826.7950555	4.59577200143
22827.6551166	28.9197774319
22827.8321742	2.23086057534
22829.3014241	6.74381551767
22830.0514465	32.295578
22830.3964654	3.56636879991
22832.1136215	7.46426500093
22838.8731624	9.181876052
22839.9563104	44.2898274545
22840.3762885	4.83502294253
22842.3048739	7.7218132808
22849.974984	9.01446689242
22853.6332403	2.42688040683
22853.67072	32.4834771027
22857.7707981	2.72960760169
22866.786409	5.43426490364
22869.960028	2.28442300542
22875.9690349	3.39522361659
22877.1330178	9.75351249697
22877.8569774	2.81189096477
22883.0072343	5.02997241747
22884.8892439	2.16170614293
22890.5439299	2.39832419447
22894.5121113	27.1384580464
22898.9715263	3.88873559063
22899.2770071	42.260229
22899.9992859	2.35751982747
22902.2519418	23.9487907787
22909.8305462	4.95999910242
22910.8374484	2.41069626999
22910.9978016	9.04359458913
22916.2063165	9.05619527571
22922.4890006	13.6535841817
22922.494927	3.0009245197
22923.8934421	11.5050195965
22924.8922103	20.0409761618
22925.4936915	4.43533565869
22927.4625735	3.76618212447
22930.1261283	4.18359096319
22934.8459912	6.05665031827
22936.3974249	2.05783786683
22938.242209	19.4822670988
22938.288965	6.19216778829
22939.6788881	4.82656135019
22939.6793052	16.583002394
22944.6358247	4.33535859179
22948.8322757	4.10345739986
22948.9117929	25.5465859778
22950.2408782	14.3430253393
22951.9026636	8.78692015576
22956.3162187	3.55782354008
22956.5569634	16.0412201543
22957.8080554	5.29218053532
22957.814255	21.6573576515
22960.8114524	11.489545723
22960.8371913	3.3943179658
22962.0965582	14.6787797625
22962.9947381	4.12263662577
22966.2382926	4.98004941218
22967.2510977	5.28194928834
22968.4352373	2.438032
22977.6282136	2.51311501484
22980.2175852	9.57467063199
22982.4778479	5.78864560356
22983.2561862	25.8372012313
22983.5156355	12.6963240005
22984.6987111	14.1500793599
22985.7304744	12.2540901074
22986.2998754	2.39051414572
22987.4281652	22.40547
22988.59227	3.0930751763
22989.3799368	17.6139808388
22991.7227059	1.77812965731
22994.1208529	37.2269531925
22998.2065206	4.87588499107
23000.4953894	16.5442655956
23000.498112	4.74134134083
23001.4018348	2.95443543797
23001.8215531	20.2708979518
23002.4937543	2.27924609958
23003.0549966	12.1426678355
23003.314199	5.0336364344
23005.8125873	7.43833626772
23007.4506353	19.8439356286
23007.4807107	4.75454071058
23009.0750664	8.10059225124
23009.1113834	2.43160491145
23010.2279821	3.95603912616
23011.6416109	3.45591041689
23015.4638736	2.87121615208
23017.7839769	7.38073971226
23021.6130261	15.0193412566
23022.7375424	6.97111560942
23027.126668	11.1892097279
23027.9993262	2.99750178007
23033.1673166	3.8204673568
23035.3917161	5.81567466992
23035.9019571	18.5648942122
23036.2124339	2.11487255727
23037.5996283	2.45458400562
23037.6115553	11.9913869559
23038.917645	17.7994984397
23039.0800054	3.47473269432
23041.4719796	3.13166109039
23043.8431009	2.78607998276
23044.2058036	37.2754205927
23045.0666051	7.27597168517
23046.1826249	8.0258239986
23047.1627139	3.1262993359
23049.3920743	17.790136933
23054.4915112	6.1281872734
23054.7558338	18.2968693781
23056.1069246	2.51405109517
23057.6197417	3.03477644238
23060.4687534	9.37846179627
23063.2248914	5.62927636475
23065.7972415	28.3284010044
23068.4326718	4.55900414613
23070.0073898	5.29088837275
23075.1390053	51.5178248792
23075.216075	6.83290556146
23076.3121286	19.0885392217
23076.9025207	2.22516094884
23080.5107186	8.75811351327
23083.7354946	6.9049919845
23088.1771477	4.60401060522
23089.8008616	9.52497202675
23094.1068718	19.8838284973
23096.7600182	11.2778490484
23099.9744452	12.3554011421
23101.4259545	4.22327705592
23116.4740286	7.15376822961
23121.74205	25.4588440201
23149.8520623	7.04082813202
23158.0751792	5.11995554177
23160.4774639	8.03527471282
23161.2806652	4.23602322287
23162.4819032	12.4493814478
23164.300705	7.74147920217
23165.5975077	3.43234052535
23165.9626129	12.1092970327
23166.2153343	27.6678948418
23166.4897944	3.33158600834
23167.8640598	21.5486526712
23167.8752776	2.27298225961
23167.901478	6.20676599975
23169.5742999	39.8838213309
23169.5931922	7.78966776057
23169.6460755	4.50176104672
23171.2999165	13.2427020694
23171.3186555	44.2394463253
23173.0399125	3.54375131753
23173.0751466	35.6291593619
23176.6474918	30.2830814858
23177.8245592	31.11053
23179.0457113	6.29783290956
23179.2566449	25.9752453613
23180.6693002	15.0744340914
23182.4763898	3.15564522735
23182.4794938	25.7313377448
23184.7149941	5.08668523582
23184.7526379	32.335995872
23186.3482953	5.67596849695
23186.5378781	14.8381942016
23187.9897891	6.1532384728
23190.2920052	5.42031773908
23191.777899	3.8387814959
23191.8923559	11.9028788004
23193.7820287	2.88362014549
23195.7646352	27.0961115945
23196.335727	3.43923966428
23197.7116435	2.95219608337
23199.0623026	16.0514366426
23201.9550454	7.49478647891
23203.4124404	10.384259885
23206.9005242	3.30851069662
23206.9474433	11.8354386163
23208.6153344	3.93689172441
23208.6492642	20.4061095919
23210.7424208	5.13529740616
23211.8135264	2.57538532217
23214.8060135	12.8413049935
23218.0352223	3.46785069345
23218.7987522	13.5097856613
23219.5188294	80.3095696641
23221.0070761	7.24924120749
23224.9000507	8.93378991161
23225.6471199	18.124848141
23226.5452873	41.8916681304
23226.6925482	10.5525931295
23227.7528387	4.48789959463
23229.5883142	4.24247978493
23231.3479731	5.94388636472
23231.6574953	23.2276906338
23232.734282	45.9746847969
23232.8553563	7.65700878008
23233.0160004	1.95727682035
23237.674035	3.37310441513
23238.6136051	19.4285800559
23239.2225566	2.94491420582
23240.2519002	6.23602425833
23245.008979	3.83725924632
23247.1077023	6.63567141272
23248.6990912	4.65359470592
23250.6355761	2.45887151882
23251.9068991	6.61426946924
23253.8415796	27.0388687995
23253.871007	6.11153064725
23255.5520166	15.968626
23256.9550025	13.8995619236
23264.0607424	3.45830372399
23264.0712822	17.8048901266
23265.5342199	6.81744259376
23268.4471479	2.96795347023
23276.6627692	5.51292660039
23278.4425622	3.53763168874
23285.0625069	3.27999676853
23285.2613576	65.3569981254
23286.224339	3.59175575643
23290.5985944	11.729702726
23293.2506904	14.2619706184
23295.9461195	7.62198295686
23301.8275913	5.89180468693
23305.9816866	9.15616338564
23308.7809165	26.0427804718
23311.0778265	5.70016383882
23312.1434329	16.0389804012
23316.5558825	6.66228918011
23316.5563967	25.7104370534
23317.2901476	3.37949167168
23317.7944944	20.0261361905
23318.7921652	2.31202480619
23318.9687902	8.15424254922
23321.155687	4.30504781133
23322.5208155	13.98157
23326.6503187	6.06629242393
23327.473895	2.38359187535
23328.3973894	11.916667
23329.4510166	6.81086427329
23336.4098698	6.555584
23339.8160549	28.5035823629
23340.6040059	1.78344943443
23343.0829132	2.83113125587
23344.7017031	12.9306664407
23348.9627052	18.2894417101
23349.2228304	4.74498824095
23350.9578176	7.50151294064
23351.2445915	33.9191741499
23351.656727	3.17786769666
23352.8454529	6.42183924372
23355.4564293	7.27191437257
23359.8002556	3.57432202881
23360.5613471	24.003189
23363.0575783	4.67936335683
23366.0861217	7.23091978371
23367.7038056	3.18540447224
23368.9408556	4.23974619645
23374.1330482	12.2624970552
23376.4464558	5.23319398258
23378.772738	4.67207773697
23381.3109821	3.9204637614
23382.4763153	20.1935068165
23382.9008308	2.97236875989
23386.1311418	18.770935799
23387.8854554	9.42636622905
23388.7348208	57.8446007522
23388.8396478	5.77681014852
23389.9762186	5.67890380063
23391.3080004	2.4305433989
23394.9556771	11.4205438219
23395.8631598	5.12597376241
23396.4257193	14.455264
23396.7705947	2.2625646284
23398.5517728	7.94017095763
23398.7791056	27.8306240483
23399.9001395	20.3821882493
23400.7729419	3.53935077448
23401.1672959	42.901603442
23401.3194883	6.83966754666
23402.8233409	5.260483514
23403.7090711	90.7062058707
23404.5225443	4.57827398801
23407.8502934	4.96543117331
23409.3968194	10.1564973184
23410.6599819	22.0918795169
23411.4781087	42.0746240534
23411.6710503	8.69791435745
23413.3074253	4.17256607772
23413.7810571	17.3842997608
23414.6339059	6.7674774777
23417.0357452	5.13316021919
23419.600936	5.57061219426
23420.3953333	4.41836574759
23420.4860862	102.512574892
23421.3689306	5.23656456115
23421.7595294	2.45112521126
23425.0253433	23.6401400588
23427.9778361	8.31568114688
23429.8567561	7.83692407823
23432.8348076	22.0765520992
23434.9353129	20.7566783675
23436.9486013	8.15815188273
23438.0604753	21.1623003117
23438.4930859	8.949064413
23444.3464435	9.22074762801
23445.6392888	9.30735268885
23447.6722699	30.0844939675
23447.6903839	4.60081369567
23449.0324957	21.222410058
23450.1907547	6.67672444829
23450.4130746	54.1823031026
23453.4982807	2.92684396723
23454.1314134	9.90929385417
23456.2870118	10.8406586738
23457.4809991	11.395882
23457.9905273	15.0149305146
23458.5896666	4.61143686936
23459.6129459	15.3195142194
23459.6726746	4.09945772929
23464.347839	2.92479923863
23464.8988257	33.4187300246
23467.081949	4.92927861856
23467.8687755	43.0035471796
23468.2025475	6.5953665929
23469.7233522	6.14376438901
23471.9236079	14.4374007512
23474.3318778	21.8983550177
23475.2165277	6.12784095367
23476.1109373	34.5264726387
23476.6002729	2.26843818482
23476.6184994	17.8497963522
23478.2401475	11.1670726898
23481.2985408	37.8007745612
23481.403555	11.3162226522
23484.699284	36.6531850805
23485.7194912	6.75794025993
23487.7541263	6.88458281047
23490.7766129	14.6031445151
23492.6565574	2.58807370146
23492.9247609	46.8317613833
23494.2988119	3.85594838926
23497.6478367	102.890488314
23497.7663268	8.38285588547
23499.4875696	13.5645581992
23502.2987525	2.98453566611
23503.7269992	7.59127244356
23504.2356018	58.4726923196
23504.6962341	9.02321179254
23507.310069	7.5789575596
23508.5052809	7.6354378877
23509.4008499	61.0364538404
23509.9585829	19.2411658564
23515.4423267	9.46402981643
23516.4714658	122.198066193
23517.4686291	8.55088271976
23519.8881615	4.78854656854
23520.627335	27.8662019005
23524.5053331	104.649122691
23524.7478228	32.2355236396
23525.9505502	55.727861734
23527.595885	8.53565805737
23532.1866854	3.8972349803
23532.5145477	42.5898371987
23532.9519664	11.9810383506
23534.1704192	41.8647912953
23534.533113	3.62357167808
23535.9498399	8.28394952209
23536.1152651	66.009547354
23536.5062847	3.02789635335
23540.7368308	7.86052503792
23542.660068	3.84386710042
23544.6454587	11.2621885601
23546.335488	4.21836704731
23546.4489865	16.6261636567
23548.2437654	3.56817188422
23548.9504009	27.8238318915
23550.9923631	2.24094013259
23552.3809063	15.6557263469
23557.6446901	3.50523406472
23558.0668163	24.4311209142
23558.1297307	67.8331603985
23559.4000641	7.20838644298
23559.7636792	60.6680759877
23560.3565727	18.6119537652
23561.5215447	2.8118611978
23562.0568051	50.7542102557
23562.1231655	15.9271341275
23564.011838	2.99135017972
23567.8102356	4.23707026837
23568.8915033	50.0616248406
23569.4586809	4.19049889822
23572.6944825	3.5098306933
23572.7906147	42.6064082094
23573.5631929	4.22307563814
23575.1597246	6.55315349453
23579.6537202	17.6216498506
23579.7249927	2.68014992015
23580.7665744	9.58644637271
23583.4836016	8.16703394745
23583.6882437	2.85180883236
23583.8900552	28.0522007382
23584.7045197	13.9628939328
23585.2102032	70.071913
23585.6582107	15.4946175211
23587.1928655	21.0201050923
23587.200828	4.99606465178
23587.7755536	49.9849383852
23588.1824507	16.1967314817
23588.2000367	3.97481595124
23589.0568679	93.334971
23589.4003353	4.16244577928
23589.5531625	18.7860273981
23590.4178805	4.49429047466
23601.5163629	8.11802422131
23602.4433013	3.58074836616
23607.3026077	4.29809569513
23609.2017332	4.6800706671
23616.0672296	9.69617820597
23616.2660969	83.8279762264
23617.8957033	2.87088831445
23619.3840673	12.8715074385
23623.9420965	4.30909555824
23626.9131661	5.4243655706
23632.2417521	6.04358610474
23633.6246635	25.3066883079
23638.8032612	23.8137035948
23639.6656595	99.4418654844
23639.9964641	30.3900129735
23640.0000815	2.91293681123
23641.7661089	7.56660611721
23645.1014923	2.79491290597
23645.1804718	56.100387191
23646.0148775	7.22949337154
23648.364563	10.6256655631
23651.6190326	9.18885327274
23655.2703415	3.81411381671
23661.2571606	2.545622245
23662.2510783	3.6473814064
23662.3433587	64.0789848179
23663.2724026	2.48057089168
23670.6019172	5.06468802928
23671.3570532	11.2726982839
23672.3077072	124.787479937
23672.7226571	9.33848712672
23673.1483528	3.31474166627
23674.8523579	52.5408800481
23675.0047548	14.152103952
23675.3975172	4.34017101898
23676.398284	5.68455308805
23676.459334	25.5301905435
23677.6479262	53.4814635455
23677.8640379	7.63287063878
23680.1279265	7.89136696379
23682.257791	2.48141488967
23684.7603197	45.338850553
23684.799798	4.26989331846
23686.7925948	17.8143857914
23686.8947727	2.29502571896
23688.4201309	2.36209813129
23689.3239899	5.79355081113
23689.4941481	117.495527433
23690.5473697	4.86011039155
23692.1440822	9.41140490195
23693.0578103	7.08286228848
23695.2151901	3.90041141329
23698.0160785	16.949043
23698.6947691	5.94021372777
23700.3810167	10.7173822567
23701.3247242	65.1460480667
23701.5262904	5.0071539548
23703.5019094	14.6004120585
23703.9202509	69.3867313745
23704.9579385	20.359427567
23705.7400821	4.14312889929
23706.3803953	90.30415
23707.4860956	44.4775082978
23708.4932775	8.53805774901
23710.384704	32.2812444589
23711.4990723	7.14524477465
23712.5465844	25.7519557767
23712.5997026	2.53576718993
23713.4824321	7.10767460343
23713.8651623	107.270265053
23714.0485052	15.1137182328
23714.398895	2.35384022983
23715.5324191	3.74237663157
23715.5377292	20.6970351819
23716.4405671	8.69116472297
23716.5365896	77.2165734251
23716.8049311	3.35459832475
23717.7885758	21.7586737879
23717.800262	4.96701071284
23719.116821	9.0345158718
23719.156878	4.32096096324
23721.2076814	4.54936129008
23721.263063	50.9344668123
23721.2821323	2.31456637467
23722.5971276	16.7631887197
23724.5531019	56.928168859
23724.5602549	3.65468689757
23726.2517091	8.022514176
23727.3459092	6.37650130496
23727.6989072	47.774675
23728.3626457	3.91852478792
23728.7161513	25.4117645709
23729.7554384	16.0987966012
23729.7982678	48.5011281443
23730.3413187	3.32097042059
23732.6131974	6.51386157629
23735.6821119	3.57781371612
23736.1136966	39.0899519543
23736.5213481	10.9199638214
23737.7605356	3.26008286781
23737.8813654	25.779627734
23738.7136385	13.3941269306
23739.8365499	10.6563819183
23743.9304154	3.64168276291
23745.4795524	11.7592026333
23745.6593914	2.26803257353
23747.5999688	2.30896681407
23747.6514226	22.0616321592
23749.397026	37.0178022127
23749.4454374	5.3999375624
23753.3467189	25.1177743446
23753.8021156	3.35480788637
23756.1728758	2.10505757644
23759.7635243	2.93160226954
23760.9060938	5.11946776654
23761.4299068	14.32078138
23761.7172565	8.18273405171
23763.0543093	6.37249077573
23763.8320852	97.8854395296
23764.0457123	4.69952222491
23765.9146335	2.22505577454
23766.1696854	16.7781340111
23766.34282	113.139457848
23767.2012176	7.14738079565
23767.329603	43.8551710471
23768.8071292	37.4290118637
23768.811171	9.10216948747
23769.7276823	13.2707961173
23771.9123254	26.5984763258
23773.548895	36.17682
23775.321305	23.6105882967
23780.1412531	29.9492320382
23781.6111577	33.3131215338
23782.1343865	145.172718945
23783.4282735	34.7511174017
23788.6185743	8.41792935564
23790.4375322	7.75702808676
23793.7914695	4.16950815218
23795.1731108	5.06778522618
23795.6850913	21.7875807543
23796.7412413	70.9418361796
23797.0111475	6.47482079983
23799.0550858	43.3791709492
23799.0570615	2.29410348156
23801.6204128	58.9507115247
23802.2809177	3.12451445372
23804.1018858	11.7918174792
23804.8399194	75.8579682805
23804.9172468	5.01441995195
23807.8745284	5.37478901634
23808.2497286	69.5719745154
23809.302343	5.48957474225
23809.6546345	1.93023843084
23813.3817225	5.70733942575
23815.4974871	2.53766839633
23818.0077139	2.64978888328
23822.0161429	27.9420273184
23825.0072366	19.7480978667
23825.9172142	37.789355604
23826.0467497	7.17153303624
23829.9780349	4.55231389173
23829.9852671	70.0809479377
23832.0502633	11.362839478
23832.3508222	45.6688272382
23832.5998015	5.19372583362
23833.6830389	140.532023735
23833.9487418	6.01231415843
23833.9607997	23.0994940266
23840.2687352	176.877480434
23844.411302	54.8816190273
23844.5240426	10.8892802891
23845.7230616	18.386880576
23847.4908809	12.7062083576
23847.7684212	2.20292961998
23854.4140352	29.470974027
23858.5136524	10.3407427688
23859.4000434	2.96625267375
23859.7769675	157.659740178
23860.9456443	17.2863761242
23861.8211489	5.44298985874
23863.7246748	44.9597290976
23865.2786297	2.9379141838
23865.5333246	11.7898326888
23866.8987093	12.6533116492
23867.0248689	50.4783691293
23867.7610116	13.2094506752
23870.7498565	3.88684369099
23873.6718483	4.13441333386
23874.0662492	39.122014678
23875.496902	10.2976884306
23875.758933	44.3299804014
23876.0957457	3.05019679268
23880.3641687	9.92044177574
23881.0303421	4.0546934212
23881.5033613	174.457566254
23881.916018	12.8785164187
23882.9253902	2.0494440751
23883.310721	9.97541037832
23884.3671326	2.53614486752
23885.7087024	2.88844302381
23888.1392165	7.94034611473
23893.5294733	19.2209545852
23897.3167754	10.190574577
23898.0534185	39.5109765673
23898.4141502	15.3735044232
23900.7846085	3.72221602088
23901.5521624	71.8797444262
23901.5998755	2.79095155308
23902.3126101	3.53000164994
23908.3986903	1.94721631743
23908.8169655	44.1772635233
23908.8251773	13.1533540865
23910.0267559	41.0673895602
23910.2562561	6.50092515994
23913.08382	25.2789780779
23913.0883813	6.24067857713
23914.00795	7.20452670498
23914.460061	31.0256583805
23915.1224518	161.343181998
23915.6738181	8.39798749246
23916.5211115	21.2608009819
23917.0082284	4.68450993447
23918.9772229	3.86363540191
23923.9766953	3.23422941158
23924.615288	50.2941309626
23925.3825163	3.93378143274
23927.0090416	1.72982500828
23927.0746358	16.313652137
23930.8557779	8.21364797731
23931.8717262	33.7319880241
23931.8967725	9.738817561
23933.4545439	40.993171227
23933.6526751	1.86584781074
23936.26818	7.82347326451
23942.6290392	10.9523810422
23942.6769529	56.6260575438
23943.59104	17.3497935281
23944.1641119	93.32723
23944.6309546	11.9753613468
23945.1340173	29.3223205827
23945.5898268	7.99033337863
23948.2443133	38.8406602354
23951.0541507	31.7190484976
23955.0372678	37.9149610044
23955.1610141	6.48579610868
23956.0264222	8.70450149694
23958.1494012	21.5104636358
23962.2097938	9.4121076838
23964.3444487	18.1620814653
23964.6000193	5.16817460208
23966.8043541	24.801448896
23967.3627405	164.521125631
23967.7999487	2.89416628525
23968.1525934	17.4232509626
23968.9760603	29.4278105735
23969.2008524	7.1685370234
23972.701661	5.09041289665
23973.2677741	10.282912961
23973.4185138	167.020360529
23974.3069215	7.64294941418
23974.6417012	16.7448933405
23975.4569286	6.34046120652
23980.9329666	7.62999647082
23981.3823507	51.9237945007
23982.4961872	23.6528241186
23983.6949105	2.79790776318
23986.2269812	17.5958746658
23986.789174	3.31404122782
23987.5096544	8.73774985399
23989.5342514	30.5282560594
23989.6226995	2.5718249805
23993.566242	5.43540151793
23994.9648617	2.04216923292
23995.0540376	20.1036538581
23996.9627447	2.97374222526
23997.1722732	29.1703908901
24002.4154529	5.39065624876
24003.3390114	21.1830898015
24003.7061732	3.42269657684
24003.7159046	166.193515629
24004.5932046	6.1949588812
24005.1416289	40.5364134652
24005.5068717	4.38269105318
24006.211466	9.0717617306
24006.2657014	22.107047113
24009.1566894	5.40057060415
24011.4884334	2.37467811966
24017.1147853	3.84732994423
24017.8875832	70.5697873225
24018.632954	3.18784009381
24020.7357083	4.26927525097
24020.9899303	17.4054062363
24022.8746059	4.33466411124
24022.9344886	22.5695047218
24028.273637	11.116454015
24032.3094337	2.5813323865
24032.4356655	44.8891264357
24033.140255	3.7063882362
24038.1667894	3.92955662371
24038.2916803	26.0357402237
24039.1784827	6.63622184736
24042.7492583	214.506457839
24051.6524896	29.4792889222
24054.3659675	4.63488520146
24055.7847434	2.72281215613
24056.4504211	53.5425491926
24060.3565826	11.0217748265
24061.0107138	150.157989348
24061.0705421	6.93589781769
24061.9512604	12.2599796063
24062.4050989	4.5968465804
24065.4771317	8.54476334145
24067.1603143	6.80672893603
24067.4882961	14.6848438961
24068.2229055	5.54264428523
24069.3027826	3.63428564354
24069.7392543	195.788628391
24070.2957429	7.90436414704
24076.4110974	17.7979793323
24076.9967583	174.716607596
24081.2151328	33.9965158665
24090.4854334	22.6044433807
24093.1974828	15.2013944228
24097.8807645	16.9987873744
24098.7029083	185.04522
24099.3738959	16.6783824757
24102.2882072	3.81670841994
24102.895597	81.2463146894
24103.5987613	2.42934833863
24104.9015476	2.79237138071
24108.1025999	10.7168592691
24114.8353888	10.3785582458
24116.0900559	22.7863182451
24117.6080588	189.111568842
24117.9239517	16.2533778263
24122.9059522	11.055026257
24123.0137428	84.683517607
24124.0096834	19.5728991969
24124.4268388	3.19500539861
24127.3496053	2.7375840563
24128.3472954	19.0246350601
24128.4940684	2.2754737599
24134.4073788	3.15727461559
24135.5351539	6.91046826753
24136.4004798	16.8054656759
24136.7070706	3.76794376805
24137.5216987	160.130886017
24137.938943	12.9795003371
24139.1289922	7.19370817603
24142.6932165	4.76382514792
24142.7659178	20.0843310448
24142.9086138	2.63956029765
24143.4193207	188.712808363
24143.9727206	11.8928209096
24144.6670425	4.01400081821
24145.2486025	18.5810764252
24145.702415	4.29219361312
24146.4167481	32.2767768842
24146.6600409	12.866495047
24147.714554	3.80142296811
24152.357137	4.69952933087
24153.5835985	19.2954741887
24158.0018916	147.183226195
24161.9786906	130.89025
24173.1914855	12.9128069537
24176.6016071	12.8755450927
24176.999652	2.16456550921
24182.4358264	3.45282005267
24182.8699316	17.8514597712
24184.6897966	4.27871741025
24185.0039194	13.2342977963
24185.1990797	150.312032107
24186.3046572	7.54463960089
24186.4358207	21.1031711793
24186.7136031	4.45728276069
24191.8185617	100.192074146
24195.1748489	171.273513342
24195.799271	21.6685118035
24200.2828051	8.07494459207
24201.9754771	5.4109339399
24202.9686989	19.4589025331
24203.653908	3.01440081641
24206.8536104	13.5891927299
24209.6914804	4.7777021475
24210.7494386	3.31587579754
24211.2255219	16.1180599952
24211.9917221	4.54594873291
24213.3779827	12.9750911637
24213.4167687	1.86453826853
24218.6314379	3.12264818104
24219.6510828	11.424416208
24219.87689	3.16219552902
24220.5682249	173.229644167
24221.5225583	49.0094928075
24221.9831659	11.4282823706
24226.1705886	1.81274868738
24226.1907874	17.618608757
24228.4171763	16.3308399871
24228.4733507	3.4565329574
24229.7449724	11.4878698927
24232.6644355	6.48801512799
24240.843968	221.44697
24241.4113141	9.76669997337
24247.4543442	13.2687430324
24248.8811214	2.95079969826
24250.1980402	2.2281548331
24250.2108403	7.62256368748
24251.19246	132.933888276
24251.5089075	8.93904365532
24252.2319514	1.79706186732
24252.5211521	5.23490335573
24255.7953333	4.8815225922
24257.9394744	10.2500397499
24260.9901996	3.34143115902
24261.4828801	7.9883781412
24261.9530359	2.41002640224
24263.1386564	9.28974734694
24263.792972	217.011307947
24265.464938	25.7371587995
24270.1708094	12.8710497925
24273.6205091	5.25099647236
24275.37622	11.0114269106
24276.3315004	5.28028517173
24276.5678778	15.0776861573
24278.307108	4.30858758966
24278.3480343	15.3548613449
24286.0398868	4.08299727127
24287.3117903	10.5094222027
24287.48077	2.73816740113
24289.4292037	2.19913271931
24289.6324081	12.1078652088
24292.0240244	11.0721383008
24293.5097432	2.45077816738
24294.2847115	23.4413981662
24297.4586185	2.74270392985
24298.0562257	6.24495876605
24298.3252913	2.21026039153
24298.4018328	25.4400319564
24299.2196611	10.1586141493
24300.0977261	3.12358254392
24300.1115465	15.3593776895
24302.315575	19.4087060681
24302.7025279	4.96680012661
24309.439229	2.1297962061
24309.5713143	14.9074990145
24313.4702176	6.67022595093
24319.4663625	16.0518850829
24324.7739629	5.53927
24326.039649	3.90417159128
24326.8421438	9.44425819912
24327.8638897	106.386025376
24327.8924842	7.68309068023
24328.7177359	6.79765151276
24332.5261445	5.82846359882
24332.8839057	18.05107501
24333.0942764	2.23679729613
24333.5659247	224.481810433
24334.091241	15.3829562295
24335.16577	3.25275392417
24335.7636774	18.3356493189
24336.1444814	7.04169725044
24342.1325141	4.2929135808
24342.4902736	16.719704727
24343.8140603	3.53452246387
24345.3368233	3.67361896606
24345.7293083	9.03271538044
24346.3025908	2.92773106902
24346.8856132	19.0853068547
24347.2982151	6.8623107862
24348.293906	2.51722530062
24348.3459338	169.629408955
24348.599695	9.06195121159
24349.3049647	4.60025855995
24354.7143558	96.1474
24361.9245498	85.8051199415
24362.3877478	5.14212764641
24365.3744573	9.91167364384
24366.1273817	184.293017097
24368.0186849	3.0938147804
24368.3138163	10.7860785879
24369.526207	5.57608141337
24370.0810216	2.68681409722
24370.8196677	11.6920073366
24371.3749984	2.19788190296
24372.1731724	3.48540923043
24373.1921997	9.3708739137
24375.9983336	6.90777763544
24376.7500511	2.32053281747
24379.4390484	12.2370483314
24381.3948595	4.85059263862
24382.5687614	14.6150250059
24382.7364557	3.26580997783
24388.1065912	21.9233600686
24389.2986977	2.6471496866
24396.3014657	4.40005818766
24400.8636388	4.04500194079
24401.3633641	9.55879630461
24403.1834153	2.19320773498
24406.9740889	6.48794311983
24410.2075308	3.70558640023
24415.1906817	7.13528181678
24416.9832195	2.33936094942
24417.5869243	9.18235056035
24425.6784823	6.02017696293
24426.7556594	24.1059803678
24428.1985015	29.1355107612
24428.7523988	199.990356534
24430.2245038	30.1940130615
24431.6020797	147.703467622
24432.5448117	29.6661491618
24438.9719618	13.5342107552
24440.061596	2.18268840758
24444.6575554	35.7768334313
24445.6758943	2.70191302431
24449.636012	3.08235060286
24449.8585297	16.9950599151
24450.9672263	5.67253009675
24454.5017753	9.66959649008
24455.0009121	32.8571902005
24456.1896722	5.0089645116
24457.8253948	17.7739826335
24458.3102933	89.9142533371
24459.0441054	20.6408896848
24459.0897488	3.68245714657
24459.7494711	99.03913
24460.5152193	21.1850941503
24461.2264635	92.190060837
24461.9137573	17.3272045391
24462.7238543	116.736466498
24463.1079234	12.0213469661
24463.4546903	41.7470610715
24463.903797	73.2987333302
24463.9190324	3.75317613556
24464.7876285	35.2001956968
24465.4286196	2.3418760897
24472.1160288	10.4149061613
24472.7485891	214.74675
24473.3410724	9.04182738393
24479.3704388	9.12036065088
24480.1249032	27.3760995774
24480.4907867	4.05375979028
24480.7497653	218.973743159
24481.2581914	19.4470532837
24482.0309736	2.24138858042
24482.0526699	7.5182199873
24482.8150138	29.4799058199
24483.2808656	3.20741400219
24484.1598575	10.2755900731
24485.571361	3.82556835351
24493.9035176	5.20052299495
24497.1650208	15.6412603865
24497.8758851	2.43576349436
24499.2972605	45.5512390102
24500.5293988	149.097181665
24500.8103935	13.5674320598
24500.9953345	46.3870453804
24501.1999281	2.45492760182
24501.7601693	185.334399
24502.495117	63.717714974
24503.0512132	152.506755269
24503.9287224	53.6327199471
24504.4006583	3.55636613841
24508.3435046	9.93966727805
24508.5966199	131.697296452
24509.786935	19.1933246064
24509.8665329	4.85178688732
24511.0818821	2.74860090042
24511.3580369	15.4855446821
24512.3779498	67.6108107456
24512.489378	6.32430918906
24513.0370451	16.2592557258
24513.2903562	3.969002865
24513.8716516	84.082
24514.6083092	30.707912296
24515.1212865	60.0919004894
24515.6977127	3.1121907769
24515.9364365	27.0400031036
24516.5610525	3.49003067627
24518.0054493	2.5984920621
24518.0395173	14.8092326399
24519.1363903	15.1662990257
24519.1709973	122.733114674
24519.2002169	3.28902502415
24519.9995136	3.00226146865
24520.2957299	21.6830863475
24520.9890801	6.95452428828
24523.4750444	2.43600304136
24525.2463646	2.54836253897
24525.5163942	34.900243641
24526.4940248	4.37643162705
24532.5657527	26.3870065479
24536.0953623	14.5767027378
24536.7835767	50.5211658687
24537.9623854	219.869748144
24538.3990769	2.69753717456
24538.934728	27.6643358988
24545.9504652	4.30858566633
24546.7158644	205.72632
24547.4213698	5.03168686273
24556.5825063	4.90052070218
24562.530468	2.7831699952
24563.1648793	24.6846401414
24564.5969654	3.17942905461
24565.5702453	8.6152319193
24566.3708773	105.577743897
24566.4005694	4.89023173883
24567.2002337	6.68804460025
24568.9880177	38.2493291634
24574.4504393	18.7349229037
24574.9080155	2.82762921406
24580.6060535	2.21477251879
24581.7963663	13.5716055696
24585.825073	16.0687117212
24589.7548504	12.7223118207
24592.0901032	2.14106079231
24593.1274286	13.5929657343
24593.4812006	91.6724800745
24594.2875967	5.23030836718
24594.6595087	16.5804222726
24595.2442808	2.74546710966
24596.0228538	13.4044066891
24597.2631891	28.176726578
24597.4337916	5.94605976973
24601.9774281	2.26435834134
24609.5510273	7.19903422815
24611.1688037	3.7133511174
24612.7901708	46.0228026778
24615.8147865	30.9057448765
24621.3378331	33.9549536929
24623.48398	8.03031617276
24624.1520003	47.8433976245
24624.5077062	12.67656916
24625.1984728	113.439678528
24625.7231449	34.6184821478
24625.8044737	4.48996534871
24626.3778356	128.51428
24627.0432995	15.1607958989
24627.5838117	31.4458840505
24627.5858179	90.3398083824
24628.1080773	14.7647911609
24628.7513492	106.893011748
24629.3133175	4.78060978622
24629.5680953	23.5663937021
24629.9398479	80.3605993266
24630.2570762	11.0260158815
24630.8804442	30.8693157883
24631.5539266	12.4785692013
24631.7793538	4.0601527423
24632.5864103	16.3210571326
24632.9070696	3.01157548687
24633.518795	79.7947954925
24633.7836836	12.3090323037
24635.5822348	5.47467501928
24635.7188371	10.8021489211
24636.8145837	39.226925051
24636.9003928	5.82781080995
24644.1716131	265.353298006
24644.7638871	37.1968466153
24651.2635303	21.2990766164
24658.4024745	4.5422102
24660.0975873	2.30141060724
24660.6269464	8.91970886637
24660.8070839	107.175324355
24661.4893016	4.08570031134
24663.4619695	25.4969879988
24664.0486366	4.72715694559
24669.1543524	17.2461568417
24670.2214254	2.15071376586
24673.5199115	2.42776427864
24675.3726235	27.70036888
24677.4098403	30.3670005356
24678.0819599	266.681455244
24678.3993529	6.74286097861
24678.758607	28.137678888
24679.8613226	3.69764371186
24680.3672937	22.3700882624
24681.3935391	3.88375433854
24685.7434276	8.1565723644
24686.1533329	122.682061605
24686.7777924	11.3453988251
24687.9720585	6.63568700496
24688.0097317	18.8225872659
24688.7902448	2.70351122118
24689.0542041	59.4338221895
24689.1708949	10.9591068762
24694.9971275	11.4082468288
24698.2997167	2.29959849201
24698.4127336	7.53505602458
24700.1305339	6.3486999953
24700.6946127	2.284537951
24701.5698738	4.63418642081
24702.4456177	23.7944317308
24702.6992756	2.93293005414
24703.8867324	64.6093764716
24708.19582	5.75370579553
24709.5982643	26.7182015546
24709.6969523	6.61679891563
24710.8718585	6.38907366362
24713.5009044	8.78626470207
24715.5371349	23.4154257593
24716.4534859	3.15489799749
24717.5939355	48.8409889355
24717.8001941	7.06989533448
24718.2799658	25.9800033453
24718.5365773	7.349002134
24719.1611784	89.8139
24719.744715	20.7805429222
24720.2497416	68.0571641546
24720.7120741	7.15428369058
24721.1053143	28.7009133755
24722.5484803	10.7416848786
24722.7806386	4.70028042709
24728.3213631	9.82874942659
24728.3993355	3.23997096407
24730.3367449	10.8846736045
24731.4674007	140.01299
24732.103673	16.0487110311
24733.3645074	3.93746269091
24733.889454	10.7658730792
24734.3193489	25.3859397297
24734.7267522	2.88977085783
24735.4309865	10.1624308465
24736.7604416	2.27636555042
24736.7983958	6.05064925025
24738.1450556	2.74515006839
24739.0109982	9.76513918823
24740.0766063	4.16265767384
24740.6733849	16.0758398718
24741.1507975	3.73663675638
24741.806349	5.48500872145
24743.0915607	3.96497945343
24746.2998062	2.34742092952
24749.543852	22.1768647854
24751.5362734	23.7645301342
24752.4597729	216.523266232
24752.6190352	13.0342322428
24756.1156282	49.18836204
24756.9928906	159.604478499
24757.2000835	2.97345105429
24757.2135067	47.1836109273
24761.5206537	23.371018566
24765.1199864	16.3657509973
24767.6842331	4.20072204715
24771.2074725	5.18992368301
24772.3039977	19.8859531753
24772.544167	8.14575651253
24772.7626104	103.240102992
24773.5668912	5.02008153456
24774.2213166	59.7549081656
24774.4214836	205.871625755
24774.9369413	17.9491276281
24776.662246	2.98038705989
24777.123461	112.791885656
24777.3386423	9.00449547225
24777.7008145	3.37574557105
24779.5825247	4.68312385401
24780.318348	2.45068963932
24780.7939593	17.1149440049
24785.319039	29.7251555529
24785.9842413	285.429568519
24787.2783017	26.8897706589
24791.1445842	168.745963247
24791.3174931	6.61288443424
24792.1764151	20.2448264882
24793.8531067	8.04877831747
24795.750268	4.65654588537
24796.3520376	22.107795709
24797.6380775	279.739773299
24798.0003775	15.1589510644
24798.0933688	4.54844587411
24799.0824116	8.97464669785
24804.3878488	9.85789563938
24805.0794867	228.2036
24810.3839159	67.2610311762
24815.9379388	182.106748807
24816.4989993	2.24424363044
24822.7035678	4.50367583242
24824.881548	21.4584589501
24824.899789	40.8448257521
24825.2000648	4.754117791
24826.4928176	43.4789676881
24826.5110018	6.01141812913
24830.1705684	11.6137940138
24830.3854549	45.5937895833
24831.5649396	29.6825511118
24832.0384932	82.0301434135
24832.5127511	23.0778472867
24833.7313996	7.63023957047
24833.7399264	61.4513908474
24834.0002872	3.12544255231
24836.9388404	6.55552830558
24837.7282425	43.4262842665
24838.2387609	8.96749489561
24838.9948187	75.3669
24839.6496629	15.9506849631
24840.0278114	46.2748324379
24840.6911381	15.3148621072
24844.4438299	4.47161083588
24844.9698351	16.6274819856
24845.1915706	47.6043103805
24845.6950344	6.13092860095
24846.2543504	67.4892
24847.0741869	20.2590767522
24847.907376	37.3359288012
24848.5828422	4.40563405192
24849.6011075	18.1591624705
24850.0700208	5.16974199926
24850.7890691	24.2077394578
24851.4066559	6.09938814178
24851.9617306	20.5473468204
24852.5079104	2.48741860871
24852.9414584	9.13798695496
24854.8390258	5.81515318207
24855.3998547	2.41867661243
24857.6199557	12.0615887275
24860.919023	15.3704931593
24861.7797776	178.49158793
24861.7993242	4.94004012006
24862.4994804	11.2631557303
24868.6468912	253.952418204
24876.4335797	134.818781329
24879.4734897	15.9201014014
24884.208913	16.4293014952
24884.74916	50.9953625619
24885.6180854	10.8659375123
24885.6663675	143.340451755
24886.3218915	41.5345036467
24886.9186291	3.59301756862
24886.9340247	8.82727807792
24887.8685459	49.5116091443
24894.2	2.53290977763
24894.5861695	276.2866
24901.3303928	66.9680168412
24902.7591951	9.95845413984
24904.1174629	300.911968252
24904.5563049	14.0373296279
24908.989483	88.8167468625
24909.0047885	7.69305664005
24909.929248	169.120415361
24910.1514588	38.346742146
24911.3435366	29.7572920755
24912.2713512	175.796378764
24916.1791482	2.29686776001
24916.2774336	16.0254398116
24917.0988459	47.7084548663
24917.5637606	11.7617260198
24918.2304396	128.42272746
24918.850137	38.1750618534
24918.8891939	5.60614106907
24919.5029807	137.7835
24920.0992614	12.2863796854
24920.6207235	104.250327784
24920.6310318	28.2750287849
24921.1097916	12.967731212
24921.699133	122.996600364
24922.3997955	4.27509091487
24922.7353206	12.2461324956
24922.7818415	26.2448130237
24923.4150682	82.2215911111
24923.8825815	9.2472320331
24924.4430492	20.3782196012
24925.0701636	4.12551853354
24926.5497494	10.203070271
24926.8322205	125.249694473
24926.9999994	3.45022285307
24930.2721892	7.7255870962
24930.7332835	178.23883778
24931.1261125	46.9712340034
24932.7976939	93.0303767155
24934.2000902	45.5207360041
24934.3696071	153.614422361
24934.8108866	9.42705898371
24940.6410506	84.2806646359
24941.5135552	12.3345517706
24942.3411587	95.7476
24943.0004139	3.26320664226
24943.020487	20.1751705714
24943.5830722	84.2621983039
24944.3328658	12.197073522
24944.6791685	28.7570704354
24945.3044253	2.80464431554
24946.0736764	11.2433050838
24953.7547653	184.380323854
24958.195085	47.67203499
24963.8854545	12.0853509588
24965.1995654	18.6566449958
24965.7452617	285.134259814
24966.2963054	3.71399483925
24966.3029175	12.2113683578
24967.5725011	11.7733749986
24970.0302079	6.04835346791
24970.6240841	209.877684513
24970.9268664	2.26413799753
24972.3918061	13.8525015389
24974.7944311	32.3505256017
24975.6212385	126.056359976
24975.9530889	28.4053619336
24977.199148	3.17698677163
24977.5651967	35.7704325508
24977.5726312	215.900958936
24977.6439	10.06405394
24981.310228	30.5745856615
24981.8547523	328.87276571
24982.7998388	29.4997734102
24982.8000453	2.95090861776
24984.1412773	6.0035095208
24987.0817315	9.81906410008
24989.4886574	11.5249030608
24990.3478986	24.1974845295
24990.7384903	12.5339074427
24991.6001127	2.78809850219
24991.9330569	321.51874542
24992.2531476	17.1079928933
24992.4079699	7.60084322235
24997.0886292	248.026360784
24997.5870785	32.9953033322
24998.6712492	64.2111934435
